TEST CASE :


rohan@rohan-HP-ProBook-4410s:~/Dropbox/7_SEMESTER$ python k-means-new.py 
Initial Centroid 1 :	[172, 45, 20, 105]
Initial Centroid 2 :	[180, 65, 23, 160]
Initial Centroid 3 :	[189, 69, 23, 143]
		
CLUSTER 1 :	[[172, 160, 162, 128, 102, 103, 105, 120, 125, 134, 127, 129, 123, 124, 134, 200, 168, 165, 167, 160, 157, 159, 155, 139, 147, 178], [45, 73, 52, 98, 76, 74, 72, 79, 80, 82, 67, 65, 40, 45, 100, 89, 95, 73, 75, 79, 55, 56, 57, 58, 54, 53], [20, 12, 19, 19, 12, 11, 10, 10, 9, 8, 23, 34, 35, 56, 28, 29, 20, 27, 31, 30, 33, 42, 43, 47, 49, 65], [105, 123, 112, 108, 120, 110, 111, 112, 115, 114, 117, 119, 141, 132, 90, 89, 88, 100, 102, 109, 108, 123, 124, 126, 122, 121]]

CLUSTER 2 :	[[175, 180, 145], [48, 65, 95], [21, 23, 17], [156, 160, 145]]

CLUSTER 3 :	[[189, 169, 197, 172, 174, 172, 176, 190, 173, 165, 179], [69, 89, 67, 63, 71, 87, 88, 49, 50, 102, 60], [23, 21, 18, 35, 40, 45, 32, 78, 80, 25, 62], [143, 119, 147, 123, 124, 127, 140, 133, 134, 137, 130]]
--------------------------------------------------------------------------------------------------------------------------
		
New Centroid 1 :	[143, 68, 27, 113]
New Centroid 2 :	[166, 69, 20, 153]
New Centroid 3 :	[177, 72, 41, 132]
		
CLUSTER 1 :	[[172, 160, 162, 128, 102, 103, 105, 120, 125, 134, 127, 129, 123, 124, 134, 168, 165, 167, 160, 157, 155, 139, 147], [45, 73, 52, 98, 76, 74, 72, 79, 80, 82, 67, 65, 40, 45, 100, 95, 73, 75, 79, 55, 57, 58, 54], [20, 12, 19, 19, 12, 11, 10, 10, 9, 8, 23, 34, 35, 56, 28, 20, 27, 31, 30, 33, 43, 47, 49], [105, 123, 112, 108, 120, 110, 111, 112, 115, 114, 117, 119, 141, 132, 90, 88, 100, 102, 109, 108, 124, 126, 122]]

CLUSTER 2 :	[[175, 180, 145, 197], [48, 65, 95, 67], [21, 23, 17, 18], [156, 160, 145, 147]]

CLUSTER 3 :	[[189, 169, 172, 174, 172, 176, 190, 173, 165, 200, 159, 178, 179], [69, 89, 63, 71, 87, 88, 49, 50, 102, 89, 56, 53, 60], [23, 21, 35, 40, 45, 32, 78, 80, 25, 29, 42, 65, 62], [143, 119, 123, 124, 127, 140, 133, 134, 137, 89, 123, 121, 130]]
--------------------------------------------------------------------------------------------------------------------------		

New Centroid 1 :	[139, 69, 25, 113]
New Centroid 2 :	[174, 68, 19, 152]
New Centroid 3 :	[176, 71, 44, 126]
		
CLUSTER 1 :	[[160, 162, 128, 102, 103, 105, 120, 125, 134, 127, 129, 123, 124, 134, 168, 165, 160, 157, 139, 147], [73, 52, 98, 76, 74, 72, 79, 80, 82, 67, 65, 40, 45, 100, 95, 73, 79, 55, 58, 54], [12, 19, 19, 12, 11, 10, 10, 9, 8, 23, 34, 35, 56, 28, 20, 27, 30, 33, 47, 49], [123, 112, 108, 120, 110, 111, 112, 115, 114, 117, 119, 141, 132, 90, 88, 100, 109, 108, 126, 122]]

CLUSTER 2 :	[[175, 180, 189, 145, 197, 165], [48, 65, 69, 95, 67, 102], [21, 23, 23, 17, 18, 25], [156, 160, 143, 145, 147, 137]]

CLUSTER 3 :	[[172, 169, 172, 174, 172, 176, 190, 173, 200, 167, 159, 155, 178, 179], [45, 89, 63, 71, 87, 88, 49, 50, 89, 75, 56, 57, 53, 60], [20, 21, 35, 40, 45, 32, 78, 80, 29, 31, 42, 43, 65, 62], [105, 119, 123, 124, 127, 140, 133, 134, 89, 102, 123, 124, 121, 130]]
-------------------------------------------------------------------------------------------------------------------------		

New Centroid 1 :	[135, 70, 24, 113]
New Centroid 2 :	[175, 74, 21, 148]
New Centroid 3 :	[174, 66, 44, 121]
		
CLUSTER 1 :	[[160, 128, 102, 103, 105, 120, 125, 134, 127, 129, 123, 124, 134, 168, 139], [73, 98, 76, 74, 72, 79, 80, 82, 67, 65, 40, 45, 100, 95, 58], [12, 19, 12, 11, 10, 10, 9, 8, 23, 34, 35, 56, 28, 20, 47], [123, 108, 120, 110, 111, 112, 115, 114, 117, 119, 141, 132, 90, 88, 126]]

CLUSTER 2 :	[[175, 180, 189, 145, 197, 176, 165], [48, 65, 69, 95, 67, 88, 102], [21, 23, 23, 17, 18, 32, 25], [156, 160, 143, 145, 147, 140, 137]]

CLUSTER 3 :	[[172, 162, 169, 172, 174, 172, 190, 173, 200, 165, 167, 160, 157, 159, 155, 147, 178, 179], [45, 52, 89, 63, 71, 87, 49, 50, 89, 73, 75, 79, 55, 56, 57, 54, 53, 60], [20, 19, 21, 35, 40, 45, 78, 80, 29, 27, 31, 30, 33, 42, 43, 49, 65, 62], [105, 112, 119, 123, 124, 127, 133, 134, 89, 100, 102, 109, 108, 123, 124, 122, 121, 130]]
------------------------------------------------------------------------------------------------------------------------		

New Centroid 1 :	[128, 73, 22, 115]
New Centroid 2 :	[175, 76, 22, 146]
New Centroid 3 :	[169, 64, 41, 116]
		
CLUSTER 1 :	[[128, 102, 103, 105, 120, 125, 134, 127, 129, 123, 124, 134], [98, 76, 74, 72, 79, 80, 82, 67, 65, 40, 45, 100], [19, 12, 11, 10, 10, 9, 8, 23, 34, 35, 56, 28], [108, 120, 110, 111, 112, 115, 114, 117, 119, 141, 132, 90]]

CLUSTER 2 :	[[175, 180, 189, 160, 169, 145, 197, 176, 165], [48, 65, 69, 73, 89, 95, 67, 88, 102], [21, 23, 23, 12, 21, 17, 18, 32, 25], [156, 160, 143, 123, 119, 145, 147, 140, 137]]

CLUSTER 3 :	[[172, 162, 172, 174, 172, 190, 173, 200, 168, 165, 167, 160, 157, 159, 155, 139, 147, 178, 179], [45, 52, 63, 71, 87, 49, 50, 89, 95, 73, 75, 79, 55, 56, 57, 58, 54, 53, 60], [20, 19, 35, 40, 45, 78, 80, 29, 20, 27, 31, 30, 33, 42, 43, 47, 49, 65, 62], [105, 112, 123, 124, 127, 133, 134, 89, 88, 100, 102, 109, 108, 123, 124, 126, 122, 121, 130]]
------------------------------------------------------------------------------------------------------------------------		

New Centroid 1 :	[121, 73, 21, 115]
New Centroid 2 :	[172, 77, 21, 141]
New Centroid 3 :	[167, 64, 41, 115]
		
CLUSTER 1 :	[[128, 102, 103, 105, 120, 125, 134, 127, 129, 123, 124, 134], [98, 76, 74, 72, 79, 80, 82, 67, 65, 40, 45, 100], [19, 12, 11, 10, 10, 9, 8, 23, 34, 35, 56, 28], [108, 120, 110, 111, 112, 115, 114, 117, 119, 141, 132, 90]]

CLUSTER 2 :	[[175, 180, 189, 160, 169, 145, 197, 176, 165], [48, 65, 69, 73, 89, 95, 67, 88, 102], [21, 23, 23, 12, 21, 17, 18, 32, 25], [156, 160, 143, 123, 119, 145, 147, 140, 137]]

CLUSTER 3 :	[[172, 162, 172, 174, 172, 190, 173, 200, 168, 165, 167, 160, 157, 159, 155, 139, 147, 178, 179], [45, 52, 63, 71, 87, 49, 50, 89, 95, 73, 75, 79, 55, 56, 57, 58, 54, 53, 60], [20, 19, 35, 40, 45, 78, 80, 29, 20, 27, 31, 30, 33, 42, 43, 47, 49, 65, 62], [105, 112, 123, 124, 127, 133, 134, 89, 88, 100, 102, 109, 108, 123, 124, 126, 122, 121, 130]]
